IPE100	100.00	55.00	5.70	4.10	7.00	1030.00	11600.00	1710000.00	159000.00	410.00	523.00	34200.00	5782.00	39400.00	9150.00	40.75	12.42
IPE120	120.00	64.00	6.30	4.40	7.00	1320.00	16900.00	3180000.00	277000.00	528.00	672.00	53000.00	8656.00	60700.00	13600.00	49.08	14.49
IPE140	140.00	73.00	6.90	4.70	7.00	1640.00	24000.00	5410000.00	449000.00	658.00	840.00	77286.00	12301.00	88300.00	19200.00	57.44	16.55
IPE160	160.00	82.00	7.40	5.00	9.00	2010.00	35400.00	8690000.00	683000.00	800.00	1011.00	108625.00	16659.00	124000.00	26100.00	65.75	18.43
IPE180	180.00	91.00	8.00	5.30	9.00	2390.00	47300.00	13170000.00	1010000.00	954.00	1213.00	146333.00	22198.00	166000.00	34600.00	74.23	20.56
IPE200	200.00	100.00	8.50	5.60	12.00	2850.00	69200.00	19430000.00	1420000.00	1120.00	1417.00	194300.00	28400.00	221000.00	44600.00	82.57	22.32
IPE220	220.00	110.00	9.20	5.90	12.00	3340.00	90300.00	27720000.00	2050000.00	1298.00	1687.00	252000.00	37273.00	285000.00	58100.00	91.10	24.77
IPE240	240.00	120.00	9.80	6.20	15.00	3910.00	130000.00	38920000.00	2840000.00	1488.00	1960.00	324333.00	47333.00	367000.00	73900.00	99.77	26.95
IPE270	270.00	135.00	10.20	6.60	15.00	4590.00	159000.00	57900000.00	4200000.00	1782.00	2295.00	428889.00	62222.00	484000.00	97000.00	112.31	30.25
IPE300	300.00	150.00	10.70	7.10	15.00	5380.00	199000.00	83560000.00	6040000.00	2130.00	2675.00	557067.00	80533.00	628000.00	125000.00	124.63	33.51
IPE330	330.00	160.00	11.50	7.50	18.00	6260.00	281000.00	117700000.00	7880000.00	2475.00	3067.00	713333.00	98500.00	804000.00	154000.00	137.12	35.48
IPE360	360.00	170.00	12.70	8.00	18.00	7270.00	374000.00	162700000.00	10430000.00	2880.00	3598.00	903889.00	122706.00	1019000.00	191000.00	149.60	37.88
IPE400	400.00	180.00	13.50	8.60	21.00	8450.00	513000.00	231300000.00	13180000.00	3440.00	4050.00	1156500.00	146444.00	1307000.00	229000.00	165.45	39.49
IPE450	450.00	190.00	14.60	9.40	21.00	9880.00	667000.00	337400000.00	16760000.00	4230.00	4623.00	1499556.00	176421.00	1702000.00	276000.00	184.80	41.19
IPE500	500.00	200.00	16.00	10.20	21.00	11600.00	891000.00	482000000.00	21420000.00	5100.00	5333.00	1928000.00	214200.00	2194000.00	336000.00	203.84	42.97
HE100A	96.00	100.00	8.00	5.00	12.00	2120.00	52800.00	3490000.00	1340000.00	480.00	1333.00	72708.00	26800.00	83000.00	41100.00	40.57	25.14
HE120A	114.00	120.00	8.00	5.00	12.00	2530.00	60400.00	6060000.00	2310000.00	570.00	1600.00	106316.00	38500.00	119000.00	58900.00	48.94	30.22
HE140A	133.00	140.00	8.50	5.50	12.00	3140.00	81000.00	10330000.00	3890000.00	732.00	1983.00	155338.00	55571.00	173000.00	84800.00	57.36	35.20
HE160A	152.00	160.00	9.00	6.00	15.00	3880.00	121000.00	16730000.00	6160000.00	912.00	2400.00	220132.00	77000.00	245000.00	118000.00	65.66	39.85
HE180A	171.00	180.00	9.50	6.00	15.00	4530.00	149000.00	25100000.00	9250000.00	1026.00	2850.00	293567.00	102778.00	325000.00	156000.00	74.44	45.19
HE200A	190.00	200.00	10.00	6.50	18.00	5380.00	210000.00	36920000.00	13360000.00	1235.00	3333.00	388632.00	133600.00	429000.00	204000.00	82.84	49.83
HE220A	210.00	220.00	11.00	7.00	18.00	6430.00	286000.00	54100000.00	19550000.00	1470.00	4033.00	515238.00	177727.00	568000.00	271000.00	91.73	55.14
HE240A	230.00	240.00	12.00	7.50	21.00	7680.00	421000.00	77630000.00	27690000.00	1725.00	4800.00	675043.00	230750.00	745000.00	352000.00	100.54	60.05
HE260A	250.00	260.00	12.50	7.50	24.00	8680.00	542000.00	104500000.00	36680000.00	1875.00	5417.00	836000.00	282154.00	920000.00	430000.00	109.72	65.01
HE280A	270.00	280.00	13.00	8.00	24.00	9730.00	635000.00	136700000.00	47630000.00	2160.00	6067.00	1012593.00	340214.00	1112000.00	518000.00	118.53	69.97
HE300A	290.00	300.00	14.00	8.50	27.00	11300.00	878000.00	182600000.00	63100000.00	2465.00	7000.00	1259310.00	420667.00	1383000.00	641000.00	127.12	74.73
HE320A	310.00	300.00	15.50	9.00	27.00	12400.00	1120000.00	229300000.00	69850000.00	2790.00	7750.00	1479355.00	465667.00	1628000.00	710000.00	135.99	75.05
HE340A	330.00	300.00	16.50	9.50	27.00	13300.00	1310000.00	276900000.00	74360000.00	3135.00	8250.00	1678182.00	495733.00	1850000.00	756000.00	144.29	74.77
HE360A	350.00	300.00	17.50	10.00	27.00	14300.00	1530000.00	330900000.00	78870000.00	3500.00	8750.00	1890857.00	525800.00	2088000.00	802000.00	152.12	74.27
HE400A	390.00	300.00	19.00	11.00	27.00	15900.00	1930000.00	450700000.00	85640000.00	4290.00	9500.00	2311282.00	570933.00	2562000.00	873000.00	168.36	73.39
HE450A	440.00	300.00	21.00	11.50	27.00	17800.00	2500000.00	637200000.00	94650000.00	5060.00	10500.00	2896364.00	631000.00	3216000.00	966000.00	189.20	72.92
HE500A	490.00	300.00	23.00	12.00	27.00	19800.00	3180000.00	869700000.00	103700000.00	5880.00	11500.00	3549796.00	691333.00	3949000.00	1059000.00	209.58	72.37
HE550A	540.00	300.00	24.00	12.50	27.00	21200.00	3600000.00	1119000000.00	108200000.00	6750.00	12000.00	4144444.00	721333.00	4622000.00	1107000.00	229.75	71.44
HE600A	590.00	300.00	25.00	13.00	27.00	22600.00	4070000.00	1412000000.00	112700000.00	7670.00	12500.00	4786441.00	751333.00	5350000.00	1156000.00	249.96	70.62
HE650A	640.00	300.00	26.00	13.50	27.00	24200.00	4580000.00	1752000000.00	117200000.00	8640.00	13000.00	5475000.00	781333.00	6136000.00	1205000.00	269.07	69.59
HE700A	690.00	300.00	27.00	14.50	27.00	26000.00	5220000.00	2153000000.00	121800000.00	10005.00	13500.00	6240580.00	812000.00	7032000.00	1257000.00	287.76	68.44
HE800A	790.00	300.00	28.00	15.00	30.00	28600.00	6090000.00	3034000000.00	126400000.00	11850.00	14000.00	7681013.00	842667.00	8699000.00	1312000.00	325.71	66.48
HE900A	890.00	300.00	30.00	16.00	30.00	32100.00	7490000.00	4221000000.00	135500000.00	14240.00	15000.00	9485393.00	903333.00	10810000.00	1414000.00	362.62	64.97
HE1000A	990.00	300.00	31.00	16.50	30.00	34700.00	8350000.00	5538000000.00	140000000.00	16335.00	15500.00	11187879.00	933333.00	12820000.00	1470000.00	399.50	63.52
HE100B	100.00	100.00	10.00	6.00	12.00	2600.00	93300.00	4500000.00	1670000.00	600.00	1667.00	90000.00	33400.00	104000.00	51400.00	41.60	25.34
HE120B	120.00	120.00	11.00	6.50	12.00	3400.00	139000.00	8640000.00	3180000.00	780.00	2200.00	144000.00	53000.00	165000.00	81000.00	50.41	30.58
HE140B	140.00	140.00	12.00	7.00	12.00	4300.00	202000.00	15090000.00	5500000.00	980.00	2800.00	215571.00	78571.00	245000.00	120000.00	59.24	35.76
HE160B	160.00	160.00	13.00	8.00	15.00	5430.00	313000.00	24920000.00	8890000.00	1280.00	3467.00	311500.00	111125.00	354000.00	170000.00	67.74	40.46
HE180B	180.00	180.00	14.00	8.50	15.00	6530.00	422000.00	38310000.00	13630000.00	1530.00	4200.00	425667.00	151444.00	481000.00	231000.00	76.59	45.69
HE200B	200.00	200.00	15.00	9.00	18.00	7810.00	597000.00	56960000.00	20030000.00	1800.00	5000.00	569600.00	200300.00	643000.00	306000.00	85.40	50.64
HE220B	220.00	220.00	16.00	9.50	18.00	9100.00	770000.00	80910000.00	28430000.00	2090.00	5867.00	735545.00	258455.00	827000.00	394000.00	94.29	55.89
HE240B	240.00	240.00	17.00	10.00	21.00	10600.00	1040000.00	112600000.00	39230000.00	2400.00	6800.00	938333.00	326917.00	1053000.00	498000.00	103.07	60.84
HE260B	260.00	260.00	17.50	10.00	24.00	11800.00	1270000.00	149200000.00	51350000.00	2600.00	7583.00	1147692.00	395000.00	1283000.00	602000.00	112.45	65.97
HE280B	280.00	280.00	18.00	10.50	24.00	13100.00	1460000.00	192700000.00	65950000.00	2940.00	8400.00	1376429.00	471071.00	1534000.00	718000.00	121.28	70.95
HE300B	300.00	300.00	19.00	11.00	27.00	14900.00	1890000.00	251700000.00	85630000.00	3300.00	9500.00	1678000.00	570867.00	1869000.00	870000.00	129.97	75.81
HE320B	320.00	300.00	20.50	11.50	27.00	16100.00	2300000.00	308200000.00	92390000.00	3680.00	10250.00	1926250.00	615933.00	2149000.00	939000.00	138.36	75.75
HE340B	340.00	300.00	21.50	12.00	27.00	17100.00	2630000.00	366600000.00	96900000.00	4080.00	10750.00	2156471.00	646000.00	2408000.00	986000.00	146.42	75.28
HE360B	360.00	300.00	22.50	12.50	27.00	18100.00	2980000.00	431900000.00	101400000.00	4500.00	11250.00	2399444.00	676000.00	2683000.00	1032000.00	154.47	74.85
HE400B	400.00	300.00	24.00	13.50	27.00	19800.00	3610000.00	576800000.00	108200000.00	5400.00	12000.00	2884000.00	721333.00	3232000.00	1104000.00	170.68	73.92
HE450B	450.00	300.00	26.00	14.00	27.00	21800.00	4480000.00	798900000.00	117200000.00	6300.00	13000.00	3550667.00	781333.00	3982000.00	1198000.00	191.43	73.32
HE500B	500.00	300.00	28.00	14.50	27.00	23900.00	5480000.00	1072000000.00	126200000.00	7250.00	14000.00	4288000.00	841333.00	4815000.00	1292000.00	211.79	72.67
HE550B	550.00	300.00	29.00	15.00	27.00	25400.00	6100000.00	1367000000.00	130800000.00	8250.00	14500.00	4970909.00	872000.00	5591000.00	1341000.00	231.99	71.76
HE600B	600.00	300.00	30.00	15.50	27.00	27000.00	6770000.00	1710000000.00	135300000.00	9300.00	15000.00	5700000.00	902000.00	6425000.00	1391000.00	251.66	70.79
HE650B	650.00	300.00	31.00	16.00	27.00	28600.00	7490000.00	2106000000.00	139800000.00	10400.00	15500.00	6480000.00	932000.00	7320000.00	1441000.00	271.36	69.92
HE700B	700.00	300.00	32.00	17.00	27.00	30600.00	8390000.00	2569000000.00	144400000.00	11900.00	16000.00	7340000.00	962667.00	8327000.00	1495000.00	289.75	68.69
HE800B	800.00	300.00	33.00	17.50	30.00	33400.00	9590000.00	3591000000.00	149000000.00	14000.00	16500.00	8977500.00	993333.00	10230000.00	1553000.00	327.89	66.79
HE900B	900.00	300.00	35.00	18.50	30.00	37100.00	11500000.00	4941000000.00	158200000.00	16650.00	17500.00	10980000.00	1054667.00	12580000.00	1658000.00	364.94	65.30
HE1000B	1000.00	300.00	36.00	19.00	30.00	40000.00	12670000.00	6447000000.00	162800000.00	19000.00	18000.00	12894000.00	1085333.00	14860000.00	1716000.00	401.47	63.80
HE160M	180.00	166.00	23.00	14.00	15.00	9710.00	1610000.00	50980000.00	17590000.00	2520.00	6363.00	566444.00	211928.00	675000.00	325000.00	72.46	42.56
HE180M	200.00	186.00	24.00	14.50	15.00	11300.00	2010000.00	74830000.00	25800000.00	2900.00	7440.00	748300.00	277419.00	883000.00	425000.00	81.38	47.78
HE200M	220.00	206.00	25.00	15.00	18.00	13100.00	2580000.00	106400000.00	36510000.00	3300.00	8583.00	967273.00	354466.00	1135000.00	543000.00	90.12	52.79
HE220M	240.00	226.00	26.00	15.50	18.00	14900.00	3130000.00	146000000.00	50120000.00	3720.00	9793.00	1216667.00	443540.00	1419000.00	679000.00	98.99	58.00
HE240M	270.00	248.00	32.00	18.00	21.00	20000.00	6260000.00	242900000.00	81530000.00	4860.00	13227.00	1799259.00	657500.00	2117000.00	1006000.00	110.20	63.85
HE260M	290.00	268.00	32.50	18.00	24.00	22000.00	7200000.00	313100000.00	104500000.00	5220.00	14517.00	2159310.00	779851.00	2524000.00	1192000.00	119.30	68.92
HE280M	310.00	288.00	33.00	18.50	24.00	24000.00	8070000.00	395500000.00	131600000.00	5735.00	15840.00	2551613.00	913889.00	2966000.00	1397000.00	128.37	74.05
HE300M	340.00	310.00	39.00	21.00	27.00	30300.00	14110000.00	592000000.00	194000000.00	7140.00	20150.00	3482353.00	1251613.00	4078000.00	1913000.00	139.78	80.02
HE320M	359.00	309.00	40.00	21.00	27.00	31200.00	15060000.00	681300000.00	197100000.00	7539.00	20600.00	3795543.00	1275728.00	4435000.00	1951000.00	147.77	79.48
HE340M	377.00	309.00	40.00	21.00	27.00	31600.00	15120000.00	763700000.00	197100000.00	7917.00	20600.00	4051459.00	1275728.00	4718000.00	1953000.00	155.46	78.98
HE360M	395.00	308.00	40.00	21.00	27.00	31900.00	15130000.00	848700000.00	195200000.00	8295.00	20533.00	4297215.00	1267532.00	4989000.00	1942000.00	163.11	78.22
HE400M	432.00	307.00	40.00	21.00	27.00	32600.00	15200000.00	1041000000.00	193400000.00	9072.00	20467.00	4819444.00	1259935.00	5571000.00	1934000.00	178.70	77.02
HE450M	478.00	307.00	40.00	21.00	27.00	33500.00	15340000.00	1315000000.00	193400000.00	10038.00	20467.00	5502092.00	1259935.00	6331000.00	1939000.00	198.13	75.98
HE500M	524.00	306.00	40.00	21.00	27.00	34400.00	15440000.00	1619000000.00	191500000.00	11004.00	20400.00	6179389.00	1251634.00	7094000.00	1932000.00	216.94	74.61
HE550M	572.00	306.00	40.00	21.00	27.00	35400.00	15590000.00	1980000000.00	191600000.00	12012.00	20400.00	6923077.00	1252288.00	7933000.00	1937000.00	236.50	73.57
HE600M	620.00	305.00	40.00	21.00	27.00	36400.00	15700000.00	2374000000.00	189800000.00	13020.00	20333.00	7658065.00	1244590.00	8772000.00	1930000.00	255.38	72.21
HE650M	668.00	305.00	40.00	21.00	27.00	37400.00	15840000.00	2817000000.00	189800000.00	14028.00	20333.00	8434132.00	1244590.00	9657000.00	1936000.00	274.45	71.24
HE700M	716.00	304.00	40.00	21.00	27.00	38300.00	15950000.00	3293000000.00	188000000.00	15036.00	20267.00	9198324.00	1236842.00	10540000.00	1929000.00	293.22	70.06
HE800M	814.00	303.00	40.00	21.00	30.00	40400.00	16570000.00	4426000000.00	186300000.00	17094.00	20200.00	10874693.00	1229703.00	12490000.00	1930000.00	330.99	67.91
HE900M	910.00	302.00	40.00	21.00	30.00	42400.00	16830000.00	5704000000.00	184500000.00	19110.00	20133.00	12536264.00	1221854.00	14440000.00	1929000.00	366.78	65.97
HE1000M	1008.00	302.00	40.00	21.00	30.00	44400.00	17130000.00	7223000000.00	184600000.00	21168.00	20133.00	14331349.00	1222517.00	16570000.00	1940000.00	403.34	64.48